# 用指分布统计
# 键位	实际%	目标%	偏差	偏差²
q	1.3634	1.0000	+0.3634	0.1321
w	3.8380	4.0000	-0.1620	0.0262
e	7.1052	3.0000	+4.1052	16.8527
r	2.8845	4.0000	-1.1155	1.2442
t	2.3454	1.5000	+0.8454	0.7147
y	1.5119	1.5000	+0.0119	0.0001
u	1.6862	2.0000	-0.3138	0.0985
i	4.9356	3.5000	+1.4356	2.0610
o	4.5048	3.0000	+1.5048	2.2645
p	2.3597	1.0000	+1.3597	1.8489
a	3.6214	2.0000	+1.6214	2.6289
s	3.6601	5.0000	-1.3399	1.7954
d	8.3962	9.0000	-0.6038	0.3645
f	7.1289	8.0000	-0.8711	0.7588
g	4.2953	5.0000	-0.7047	0.4966
h	3.9587	5.0000	-1.0413	1.0843
j	8.7918	9.0000	-0.2082	0.0433
k	8.1879	10.0000	-1.8121	3.2837
l	4.5025	4.0000	+0.5025	0.2525
z	0.0000	0.0000	+0.0000	0.0000
x	2.4367	2.0000	+0.4367	0.1907
c	1.2617	2.0000	-0.7383	0.5451
v	3.4873	5.0000	-1.5127	2.2883
b	1.3893	1.5000	-0.1107	0.0122
n	3.4538	4.5000	-1.0462	1.0945
m	2.8935	3.5000	-0.6065	0.3678
