# 用指分布统计
# 键位	实际%	目标%	偏差	偏差²
q	1.6921	1.0000	+0.6921	0.4790
w	2.7421	4.0000	-1.2579	1.5823
e	7.2991	3.0000	+4.2991	18.4820
r	3.6607	4.0000	-0.3393	0.1151
t	1.6320	1.5000	+0.1320	0.0174
y	1.3221	1.5000	-0.1779	0.0317
u	2.5849	2.0000	+0.5849	0.3421
i	5.5057	3.5000	+2.0057	4.0227
o	3.5062	3.0000	+0.5062	0.2563
p	1.5724	1.0000	+0.5724	0.3276
a	3.6049	2.0000	+1.6049	2.5756
s	4.2121	5.0000	-0.7879	0.6208
d	6.6044	9.0000	-2.3956	5.7391
f	8.0262	8.0000	+0.0262	0.0007
g	4.2482	5.0000	-0.7518	0.5652
h	3.6411	5.0000	-1.3589	1.8467
j	10.4044	9.0000	+1.4044	1.9724
k	6.7059	10.0000	-3.2941	10.8509
l	6.8563	4.0000	+2.8563	8.1587
z	0.0000	0.0000	+0.0000	0.0000
x	2.3250	2.0000	+0.3250	0.1056
c	1.4339	2.0000	-0.5661	0.3205
v	2.9554	5.0000	-2.0446	4.1802
b	1.3031	1.5000	-0.1969	0.0388
n	3.1601	4.5000	-1.3399	1.7954
m	3.0017	3.5000	-0.4983	0.2483
