# 用指分布统计
# 键位	实际%	目标%	偏差	偏差²
q	1.6621	1.0000	+0.6621	0.4384
w	3.5579	4.0000	-0.4421	0.1955
e	7.0534	3.0000	+4.0534	16.4297
r	3.6704	4.0000	-0.3296	0.1086
t	2.1531	1.5000	+0.6531	0.4265
y	1.7016	1.5000	+0.2016	0.0406
u	2.1740	2.0000	+0.1740	0.0303
i	5.4764	3.5000	+1.9764	3.9061
o	3.3301	3.0000	+0.3301	0.1089
p	2.0496	1.0000	+1.0496	1.1017
a	2.6125	2.0000	+0.6125	0.3752
s	4.6452	5.0000	-0.3548	0.1259
d	8.0087	9.0000	-0.9913	0.9826
f	7.9637	8.0000	-0.0363	0.0013
g	3.5586	5.0000	-1.4414	2.0775
h	4.5616	5.0000	-0.4384	0.1922
j	9.7887	9.0000	+0.7887	0.6221
k	6.2548	10.0000	-3.7452	14.0267
l	6.5607	4.0000	+2.5607	6.5574
z	0.0000	0.0000	+0.0000	0.0000
x	1.8633	2.0000	-0.1367	0.0187
c	1.7311	2.0000	-0.2689	0.0723
v	2.9245	5.0000	-2.0755	4.3076
b	1.6292	1.5000	+0.1292	0.0167
n	2.2323	4.5000	-2.2677	5.1423
m	2.8364	3.5000	-0.6636	0.4404
