# 用指分布统计
# 键位	实际%	目标%	偏差	偏差²
q	1.6156	1.0000	+0.6156	0.3789
w	4.2872	4.0000	+0.2872	0.0825
e	5.4213	3.0000	+2.4213	5.8628
r	2.0211	4.0000	-1.9789	3.9161
t	1.9387	1.5000	+0.4387	0.1925
y	1.9195	1.5000	+0.4195	0.1760
u	1.9043	2.0000	-0.0957	0.0092
i	8.5352	3.5000	+5.0352	25.3533
o	3.0171	3.0000	+0.0171	0.0003
p	2.0787	1.0000	+1.0787	1.1635
a	4.1732	2.0000	+2.1732	4.7230
s	5.5563	5.0000	+0.5563	0.3094
d	8.9312	9.0000	-0.0688	0.0047
f	7.1497	8.0000	-0.8503	0.7230
g	4.2805	5.0000	-0.7195	0.5177
h	5.7466	5.0000	+0.7466	0.5574
j	9.8616	9.0000	+0.8616	0.7423
k	4.6467	10.0000	-5.3533	28.6578
l	3.2811	4.0000	-0.7189	0.5168
z	0.0000	0.0000	+0.0000	0.0000
x	1.0666	2.0000	-0.9334	0.8712
c	1.4820	2.0000	-0.5180	0.2683
v	2.8751	5.0000	-2.1249	4.5152
b	1.2606	1.5000	-0.2394	0.0573
n	2.9593	4.5000	-1.5407	2.3739
m	3.9908	3.5000	+0.4908	0.2409
