# 用指分布统计
# 键位	实际%	目标%	偏差	偏差²
q	1.3599	1.0000	+0.3599	0.1295
w	3.1096	4.0000	-0.8904	0.7929
e	5.5010	3.0000	+2.5010	6.2551
r	2.8253	4.0000	-1.1747	1.3798
t	1.6447	1.5000	+0.1447	0.0209
y	2.0628	1.5000	+0.5628	0.3167
u	2.6482	2.0000	+0.6482	0.4201
i	6.5598	3.5000	+3.0598	9.3623
o	4.1296	3.0000	+1.1296	1.2759
p	1.7751	1.0000	+0.7751	0.6009
a	3.5695	2.0000	+1.5695	2.4632
s	3.6117	5.0000	-1.3883	1.9273
d	8.7198	9.0000	-0.2802	0.0785
f	8.3334	8.0000	+0.3334	0.1112
g	4.7443	5.0000	-0.2557	0.0654
h	4.8178	5.0000	-0.1822	0.0332
j	9.0215	9.0000	+0.0215	0.0005
k	6.4102	10.0000	-3.5898	12.8868
l	3.5572	4.0000	-0.4428	0.1961
z	0.0000	0.0000	+0.0000	0.0000
x	1.8825	2.0000	-0.1175	0.0138
c	1.9945	2.0000	-0.0055	0.0000
v	3.0596	5.0000	-1.9404	3.7653
b	1.4108	1.5000	-0.0892	0.0080
n	3.0997	4.5000	-1.4003	1.9609
m	4.1517	3.5000	+0.6517	0.4247
