# 用指分布统计
# 键位	实际%	目标%	偏差	偏差²
q	2.2296	1.0000	+1.2296	1.5119
w	3.4809	4.0000	-0.5191	0.2694
e	4.8288	3.0000	+1.8288	3.3445
r	4.1314	4.0000	+0.1314	0.0173
t	1.5489	1.5000	+0.0489	0.0024
y	1.3180	1.5000	-0.1820	0.0331
u	2.3849	2.0000	+0.3849	0.1481
i	5.0927	3.5000	+1.5927	2.5366
o	4.1264	3.0000	+1.1264	1.2687
p	1.4598	1.0000	+0.4598	0.2114
a	3.2477	2.0000	+1.2477	1.5567
s	4.4385	5.0000	-0.5615	0.3153
d	8.8180	9.0000	-0.1820	0.0331
f	8.5165	8.0000	+0.5165	0.2668
g	3.9775	5.0000	-1.0225	1.0454
h	5.1584	5.0000	+0.1584	0.0251
j	8.7371	9.0000	-0.2629	0.0691
k	8.5526	10.0000	-1.4474	2.0948
l	4.9159	4.0000	+0.9159	0.8388
z	0.0000	0.0000	+0.0000	0.0000
x	1.3367	2.0000	-0.6633	0.4399
c	2.4260	2.0000	+0.4260	0.1815
v	2.6132	5.0000	-2.3868	5.6968
b	1.4238	1.5000	-0.0762	0.0058
n	2.9558	4.5000	-1.5442	2.3844
m	2.2809	3.5000	-1.2191	1.4862
