# 用指分布统计
# 键位	实际%	目标%	偏差	偏差²
q	1.2845	1.0000	+0.2845	0.0809
w	3.3060	4.0000	-0.6940	0.4817
e	4.0792	3.0000	+1.0792	1.1647
r	3.1328	4.0000	-0.8672	0.7520
t	1.6611	1.5000	+0.1611	0.0260
y	2.1894	1.5000	+0.6894	0.4753
u	2.1026	2.0000	+0.1026	0.0105
i	7.5481	3.5000	+4.0481	16.3872
o	3.8752	3.0000	+0.8752	0.7660
p	1.7869	1.0000	+0.7869	0.6192
a	3.6258	2.0000	+1.6258	2.6434
s	5.8106	5.0000	+0.8106	0.6570
d	8.8357	9.0000	-0.1643	0.0270
f	7.6377	8.0000	-0.3623	0.1312
g	2.8725	5.0000	-2.1275	4.5263
h	4.1420	5.0000	-0.8580	0.7361
j	8.3879	9.0000	-0.6121	0.3747
k	8.0570	10.0000	-1.9430	3.7751
l	4.6831	4.0000	+0.6831	0.4666
z	0.0000	0.0000	+0.0000	0.0000
x	2.2467	2.0000	+0.2467	0.0608
c	2.0275	2.0000	+0.0275	0.0008
v	3.0812	5.0000	-1.9188	3.6818
b	1.6836	1.5000	+0.1836	0.0337
n	3.0158	4.5000	-1.4842	2.2029
m	2.9270	3.5000	-0.5730	0.3283
