# 用指分布统计
# 键位	实际%	目标%	偏差	偏差²
q	1.6171	1.0000	+0.6171	0.3808
w	3.4235	4.0000	-0.5765	0.3323
e	5.7234	3.0000	+2.7234	7.4168
r	2.5556	4.0000	-1.4444	2.0862
t	2.4631	1.5000	+0.9631	0.9276
y	1.2824	1.5000	-0.2176	0.0473
u	3.1884	2.0000	+1.1884	1.4123
i	5.3922	3.5000	+1.8922	3.5803
o	2.9171	3.0000	-0.0829	0.0069
p	1.6662	1.0000	+0.6662	0.4438
a	3.6048	2.0000	+1.6048	2.5755
s	5.1522	5.0000	+0.1522	0.0232
d	8.8505	9.0000	-0.1495	0.0224
f	8.6274	8.0000	+0.6274	0.3937
g	3.7283	5.0000	-1.2717	1.6173
h	4.4026	5.0000	-0.5974	0.3569
j	8.1625	9.0000	-0.8375	0.7015
k	7.7898	10.0000	-2.2102	4.8849
l	5.1383	4.0000	+1.1383	1.2956
z	0.0000	0.0000	+0.0000	0.0000
x	1.7380	2.0000	-0.2620	0.0687
c	1.6697	2.0000	-0.3303	0.1091
v	2.1454	5.0000	-2.8546	8.1486
b	1.7922	1.5000	+0.2922	0.0854
n	3.6892	4.5000	-0.8108	0.6575
m	3.2802	3.5000	-0.2198	0.0483
